$ANSIBLE_VAULT;1.1;AES256
34643636343432633462633237646334653434666462643630306236656661373438363331343364
3734653532633366323138303533316237386633323636630a653931666362623766353838643830
35373862366234306139643364653332376666303361396433396262336631303465633732613863
3463616237663331620a376364653465366435353432356464656333633132383937306337663333
34613763346264313833383061613833353761656362343835646537373539393366626132646633
34636233663562376136613432316462393335343366613738373333333561386637393231623466
66376265306530366636346336396662623262633664623033613131383566316566633430633630
31313238353434366166636461613936386335356338326531626232316562326232393764356637
39346631353864636330376665626530303766373366643239326635656164323736336363663430
37666665343437623434333463646466336636353166643530383338353862646462633334383264
66393563646633396231366365653062316562656561623534323866613337303464336231633765
31616165363439356532333962373534376532646635393230353835306534333438666262326333
32323738643039396634623835383966343836383366326336353063666361623833643661383239
36396433643339616332396237333033656364623934613033313136363030656262636332356339
65373264613732383932356161336664306236353666353036666530323037353764613862373762
39383165623930323439363934343331383931653333396130646163623439653363363836623938
34613063653564353866313333363137663432336638366538323934386532323362366339343732
32316264333861353162373963643865316332663932623233666231336666653833373330353931
38653337353234386538303965386466323665663063383539643235666332326666653136626364
65613436323265653639626339336638663235396638346535333162396536303864623465666363
63356433613237353333333063643130373636326238626431323334386438383335336266343864
30363836636234353965363366666537303464303066313662383936373361653231623432616339
62333136316334643934383133643763356230313734636237633562313033353963643766313335
37613264316333636164356638656663326666303165383930313532613231363433643364623434
32633637393337303364366134346438393737353938323365326133323962656130653938363765
37636136303531323037643833656661373337643930393634313463643031623564376363366233
33306265663234396432343436623234393134343538393533363961653739373565613535623662
66663439636333333932326533363834346431636562613330333734396463313366333564306434
31646161313166393431363934666138336637633136383964353630643065393330646330343231
66636331653462333564383861393033643863623133633061643064373566396562613536353433
35333130343836306438383334343161366661303962333035653366656532373630643163333137
36346333626332313330353034646437653932336631646339306166333136656262323863396639
61613063373633666435623632333961623938303634353239376464383463373664353337616534
36633331643638353538396563333334363830353537616261333730313431616361343666623364
33343935663161626136313462353538373338306661373461663730386266343930343337613765
61346461323837653262336337633431376634336232346232373965376538363636366536646163
66323463666534343935316239393134346134393163353039353933633935343430343339656332
61656433386635353063396630396633366231333466643363336138383231623733333831303136
32663038306666393863383130303461353966653939653963656462323736326461633862666330
63656332353930326465646366653965613838356662653131303135373236396464626161366262
63326233623864383363316564373239383939633932356436343139396130363137353562366462
33393131386132366665383466656234353464643466313764636339663631393732383935306161
34333863313833646630346364623232373031326439616135346361366136366532303132663764
62343461323664396362613730333738323037353962386364306532396332656237633463383335
66386165323633323838363465373665386230613964613564663535383566363366363331613461
32663136366264646132363336643534356264663936613430326637626436363334356163663732
31313330313762333963323537613231376539333633336561316366383330336335393765663634
34353061343136656131656633623964666436643265613839663666313131336465616537633235
30393665613765363535663762656639353234643938336130353964386235653632353639633939
62653739633838343136396337356639383634376236613732623766616466616266613063633737
38313163616137663336633638366233306365363030323939623563666332643634616133303332
66613636653862393166306134376461656363353331326631336239656435333230396331626439
62643937323934633935343933336633366366306234616330323965626361373833363436386135
32313235656530383737303437316163306539633262303032336564343230316261373532333433
39323733373666616633616531666232313333323964646261626637326136646466663733396135
33366232396639376131393464633739623336646635653637623664373836363632376134393433
33626662633466366533373834616431623836363763346463373632353036356130333130373562
36663666616134386632663938303532643962343962383936333763616430393763353734336337
61336630323439636563363462363030633231393733346630353535346536343930373732613663
65306435313331653433633030303066333666336265396532326361303336353063333439663730
39346661346165303139353635663031346632313839323936396639666238396538383234643833
61326238383838313265646662313330303731343035363763353661643663636332313965646130
37626138373761383363303163333661313831663163323561623532643135623835646339653934
38363263623335316139333665666634303435643036636561303234333235643835353036646338
66323363326137663465646438306538373764633933343837386330613535363036396231303833
35323231316533613361643464396234363265303130303935333864373938346239323862343236
63633131656537613132323261616261646231303539373437396230313935626136616334333966
36366233623137346132383735666130353237386261353134363931393634336438323363393630
66306233373435343036633435626365633535333964663164383065303630656233363038376335
61666335663236613932316466333337306164306237353061626334626264623735343363626666
61316335616630613236623738343031633337613165616539613763626333313833313666363933
31383233623531653639326265386163656631316239346166626165666235326161383434653736
34323762376335636465376237373761316336333433326631653563373731643238343536646362
39336362616432306265616239613934336264356566393139333435656230353830313165356539
38373533333939333563303066313365306439353964386137336331356134666338313334303830
35373635666464656362313834373636303566346561303133373164393062393132333534383332
38333338383133653436343137373434356663643231666337313530316161646333303264653466
37313237666361633462343161396465633931623065666639396362633131356439613230356330
64306634346632373637393132633333323135613639353232303765363634346438636265366234
37623230323665353932323132616538656230626435323962366135316263386462316135353836
38303462666131323431343237336562633639653661343734346139613762313263366137373531
36613164303662303730323030303633396536623866613565653031346535613335373963313939
61396131323431316566346464613135626237636531613638663134613638353437356635316462
36363930303736303632316533363332663531353134323862386130656166326363623238393933
65346635616537643235396664363666303465316335393166666139343730646236343036623065
31643264346566393130383266316237613663613462636338643037363839663737353864613631
30363730366538323139316538636336626530343062323531656634366239623531323939373433
63363535313466333634
